0_1004	107 60 0 0.000000 0.000000 0 0 0 1 0 0
0_100	96 99 0 0.000000 0.000000 0 0 0 0 0 0
0_115	0 119 0 0.000000 0.000000 0 0 0 0 0 0
0_116	0 117 0 0.000000 0.000000 0 0 0 0 0 0
0_117	0 116 0 0.000000 0.000000 0 0 0 0 0 0
0_119	0 115 0 0.000000 0.000000 0 0 0 0 0 0
0_123	124 122 0 0.000000 0.000000 0 0 0 0 0 0
0_125	126 409 0 0.000000 0.000000 0  0 0 0 0
0_138	139 137 0 0.000000 0.000000 0 0 0 0 0 0
0_143	144 142 0 0.000000 0.000000 0 0 0 1 0 1
0_150_LT	135 0 0 0.000000 0.000000  0 0 0 0 0
0_150	135 150 0 0.000000 0.000000  0 0 0 0 0
0_152	148 151 0 0.000000 0.000000 0 0 0 0 0 0
0_153	132 406 0 0.000000 0.000000  0 0 0 0 0
0_176	180 178 0 0.000000 0.000000 0 0 0 0 0 0
0_177	180 179 0 0.000000 0.000000 0 0 0 0 0 0
0_178	160 195 0 0.000000 0.000000 0 0 0 0 0 0
0_179	160 196 0 0.000000 0.000000 0 0 0 0 0 0
0_182	183 182 0 0.000000 0.000000 0 0 0 0 0 0
0_184	207 207 0 0.000000 0.000000 0 0 0 0 0 0
0_416	416 852 0 0.000000 0.000000 0 0 0 1  0
0_190	190 189 0 0.000000 0.000000 0 0 0 1  0
0_204	183 183 0 0.000000 0.000000 0 0 0 0 0 0
0_205	183 204 0 0.000000 0.000000 0 0 0 0 0 0
0_206	183 205 0 0.000000 0.000000 0 0 0 0 0 0
0_208	207 206 0 0.000000 0.000000 0 0 0 0 0 0
0_224	225 244 0 0.000000 0.000000 0 0 0 0 0 0
0_226	227 297 0 0.000000 0.000000 0 0 0 0 0 0
0_242	223 242 0 0.000000 0.000000 0 0 0 0 0 0
0_247	72 237 0 0.000000 0.000000 0 0 0 0 0 0
0_281	72 238 0 0.000000 0.000000 0 0 0 0 0 0
0_294	127 299 0 0.000000 0.000000 0 0 0 1  0
0_300	302 301 0 0.000000 0.000000 0 0 0 0 0 0
0_301	302 302 0 0.000000 0.000000 0 0 0 0 0 0
0_303	288 238 0 0.000000 0.000000 0 0 0 1  0
0_30_LT	31 279 0 0.000000 0.000000 0 0 0 0 0 0
0_30	31 30 0 0.000000 0.000000 0 0 0 0 0 0
0_312	310 291 0 0.000000 0.000000 0 0 0 0 0 0
0_313	314 291 0 0.000000 0.000000 0 0 0 0 0 0
0_322	236 325 0 0.000000 0.000000 0 0 0 0 0 0
0_325	326 235 0 0.000000 0.000000 0 0 0 0 0 0
0_332	333 291 0 0.000000 0.000000 0 0 0 0 0 0
0_339	345 338 0 0.000000 0.000000 0 0 0 0 0 0
0_340	344 341 0 0.000000 0.000000 0 0 0 0 0 0
0_341	344 339 0 0.000000 0.000000 0 0 0 0 0 0
0_342	344 343 0 0.000000 0.000000 0 0 0 0 0 0
0_343	344 338 0 0.000000 0.000000 0 0 0 0 0 0
0_366	0 365 0 0.000000 0.000000 0 0 0 0 0 0
0_36	395 404 0 0.000000 0.000000 0 0 0 1  0
0_391_LT	432 392 0 0.000000 0.000000 0 0 0 1  0
0_391	432 391 0 0.000000 0.000000 0 0 0 1  0
0_39	404 0 0 0.000000 0.000000 0 0 0 0 0 0
0_400_LT	402 848 0 0.000000 0.000000 0 0 0 1  0
0_400	402 400 0 0.000000 0.000000 0 0 0 0 0 0
0_401_LT	395 0 0 0.000000 0.000000 0 0 0 1  0
0_401	395 401 0 0.000000 0.000000 0 0 0 1  0
0_409_LT	126 408 0 0.000000 0.000000 0  0 0 0 0
0_409	126 409 0 0.000000 0.000000 0  0 0 0 0
0_410	789 787 0 0.000000 0.000000 0 0 0 1  0
0_421	573 422 0 0.000000 0.000000 0 0 0 1  0
0_423	425 424 0 0.000000 0.000000 0 0 0  0 0
0_442	443 291 0 0.000000 0.000000 0 0 0 1  0
0_449	456 291 0 0.000000 0.000000 0 0 0 1  0
0_450	457 291 0 0.000000 0.000000 0 0 0 1  0
0_451	455 291 0 0.000000 0.000000 0 0 0 1  0
0_452	459 291 0 0.000000 0.000000 0 0 0 1  0
0_453	454 291 0 0.000000 0.000000 0 0 0 1  0
0_45	62 45 0 0.000000 0.000000 0 0 0 0 0 0
0_465	455 464 0 0.000000 0.000000 0 0 0 1  0
0_466	455 458 0 0.000000 0.000000 0 0 0 1  0
0_468	463 345 0 0.000000 0.000000 0 0 0 1  0
0_469	463 470 0 0.000000 0.000000 0 0 0 1  0
0_472_LT	473 0 0 0.000000 0.000000 0 0 0 1  0
0_472	473 472 0 0.000000 0.000000 0 0 0 1  0
0_48	62 48 0 0.000000 0.000000 0 0 0 0 0 0
0_49	61 49 0 0.000000 0.000000 0 0 0 0 0 0
0_500	501 291 0 0.000000 0.000000 0 0 0 1  0
0_506	504 505 0 0.000000 0.000000 0 0 0 1  0
0_508	455 503 0 0.000000 0.000000 0 0 0 1  0
0_509	514 511 0 0.000000 0.000000 0 0 0 1 0 1
0_50	57 53 0 0.000000 0.000000 0 0 0 0 0 0
0_510	573 509 0 0.000000 0.000000 0 0 0 1 0 1
0_518	518 852 0 0.000000 0.000000 0 0 0 1  0
0_51	57 54 0 0.000000 0.000000 0 0 0 0 0 0
0_521	521 852 0 0.000000 0.000000 0 0 0 1  0
0_52	57 55 0 0.000000 0.000000 0 0 0 0 0 0
0_536	573 537 0 0.000000 0.000000 0 0 0 1  0
0_539	573 538 0 0.000000 0.000000 0 0 0 1  0
0_546	455 506 0 0.000000 0.000000 0 0 0 1  0
0_551	934 558 0 0.000000 0.000000 0 0 0 1  0
0_557	67 67 0 0.000000 0.000000 0 0 0 1  0
0_55	220 55 0 0.000000 0.000000 0 0 0 0 0 0
0_563	564 562 0 0.000000 0.000000 0 0 0 1  0
0_565_LT	569 566 0 0.000000 0.000000 0 0 0 1  0
0_565	569 565 0 0.000000 0.000000 0 0 0 1  0
0_567	559 559 0 0.000000 0.000000 0 0 0 1  0
0_577	578 577 0 0.000000 0.000000 0 0 0 1  0
0_587_LT	569 588 0 0.000000 0.000000 0 0 0 1  0
0_587	569 587 0 0.000000 0.000000 0 0 0 1  0
0_591	593 596 0 0.000000 0.000000 0 0 0 1  0
0_598	578 597 0 0.000000 0.000000 0 0 0 1  0
0_620	107 617 0 0.000000 0.000000 0 0 0 1  0
0_621	107 618 0 0.000000 0.000000 0 0 0 1  0
0_639	148 641 0 0.000000 0.000000 0 0 0 1  0
0_63	64 48 0 0.000000 0.000000 0 0 0 0 0 0
0_641	148 642 0 0.000000 0.000000 0 0 0 1  0
0_642	148 643 0 0.000000 0.000000 0 0 0 1  0
0_657	667 658 0 0.000000 0.000000 0 0 0 1  0
0_65	66 45 0 0.000000 0.000000 0 0 0 0 0 0
0_661_LT	33 33 0 0.000000 0.000000 0 0 0 1  0
0_661	33 661 0 0.000000 0.000000 0 0 0 1  0
0_668	667 470 0 0.000000 0.000000 0 0 0 1  0
0_683	685 291 0 0.000000 0.000000 0 0 0 1  0
0_687	689 235 0 0.000000 0.000000 0 0 0 1  0
0_697	62 692 0 0.000000 0.000000 0 0 0 1  0
0_698	402 692 0 0.000000 0.000000 0 0 0 1  0
0_699	425 692 0 0.000000 0.000000 0 0 0 1  0
0_700	62 694 0 0.000000 0.000000 0 0 0 1  0
0_701	402 693 0 0.000000 0.000000 0 0 0 1  0
0_702	425 695 0 0.000000 0.000000 0 0 0 1  0
0_705	0 705 0 0.000000 0.000000 0 0 2 5  0
0_709	711 710 0 0.000000 0.000000 0 0 0 1  0
0_724	473 470 0 0.000000 0.000000 0 0 0 1  0
0_732	235 86 0 0.000000 0.000000 0 0 0 1  0
0_763	768 761 0 0.000000 0.000000 0 0 0 1  0
0_772	771 551 0 0.000000 0.000000 0 0 0 1  0
0_774	770 551 0 0.000000 0.000000 0 0 0 1  0
0_775	770 0 0 0.000000 0.000000 0 0 0 1  0
0_779	778 551 0 0.000000 0.000000 0 0 0 1  0
0_780	778 0 0 0.000000 0.000000 0 0 0 1  0
0_787_LT	789 788 0 0.000000 0.000000 0 0 0 1  0
0_787	789 787 0 0.000000 0.000000 0 0 0 1  0
0_796	795 551 0 0.000000 0.000000 0 0 0 1  0
0_799	107 392 0 0.000000 0.000000 0 0 0 1  0
0_801	107 498 0 0.000000 0.000000 0 0 0 1  0
0_808	808 0 0 0.000000 0.000000 0 0 0 1  0
0_806	807 0 0 0.000000 0.000000 0 0 0 1  0
0_810	689 689 0 0.000000 0.000000 0 0 0 1  0
0_882	455 505 0 0.000000 0.000000 0 0 0 1  0
0_813	455 812 0 0.000000 0.000000 0 0 0 1  0
0_815	812 814 0 0.000000 0.000000 0 0 0 1  0
0_838	837 788 0 0.000000 0.000000 0 0 0 1  0
0_841	0 840 0 0.000000 0.000000 0 0 0 1  0
0_842	0 839 0 0.000000 0.000000 0 0 0 1  0
0_856	855 291 0 0.000000 0.000000 0 0 0 1  0
0_876	0 878 0 0.000000 0.000000 0 0 0 1  0
0_877	0 879 0 0.000000 0.000000 0 0 0 1  0
0_878	0 876 0 0.000000 0.000000 0 0 0 1  0
0_879	0 877 0 0.000000 0.000000 0 0 0 1  0
0_880	470 470 0 0.000000 0.000000 0 0 0 1  0
0_882	455 506 0 0.000000 0.000000 0 0 0 1  0
0_883	455 881 0 0.000000 0.000000 0 0 0 1  0
0_902	789 213 0 0.000000 0.000000 0 0 0 1  0
0_905	455 904 0 0.000000 0.000000 0 0 0 1  0
0_906	455 326 0 0.000000 0.000000 0 0 0 1  0
0_907	455 459 0 0.000000 0.000000 0 0 0 1  0
0_910	455 908 0 0.000000 0.000000 0 0 0 1  0
0_923	0 922 0 0.000000 0.000000 0 0 0 1  0
0_924	0 921 0 0.000000 0.000000 0 0 0 1  0
0_927	917 459 0 0.000000 0.000000 0 0 0 1  0
0_928	917 917 0 0.000000 0.000000 0 0 0 1  0
0_935	936 136 0 0.000000 0.000000 0 0 0 1  0
0_940	852 137 0 0.000000 0.000000 0 0 0 1  0
0_941	936 939 0 0.000000 0.000000 0 0 0 1  0
0_944_LT	33 945 0 0.000000 0.000000 0 0 0 1  0
0_944	290 944 0 0.000000 0.000000 0 0 0 1  0
0_986	0 987 0 0.000000 0.000000 0 0 0 1 0 0
0_987	0 986 0 0.000000 0.000000 0 0 0 1 0 0
0_989	0 988 0 0.000000 0.000000 0 0 0 1 0 0
1001_876	917 921 0 0.000000 0.000000 0 0 0 1 0 0
1001_987	917 988 0 0.000000 0.000000 0 0 0 1 0 0
1001_998	917 998 0 0.000000 0.000000 0 0 0 1 0 0
1003_921	1000 876 0 0.000000 0.000000 0 0 0 1 0 0
1003_922	1000 877 0 0.000000 0.000000 0 0 0 1 0 0
1003_988	1000 987 0 0.000000 0.000000 0 0 0 1 0 0
106_108	107 113 0 0.000000 0.000000 0 0 0 1  0
106_109	107 113 0 0.000000 0.000000 0 0 0 1  0
106_110	107 113 0 0.000000 0.000000 0 0 0 1  0
107_507	0 799 0 0.000000 0.000000 0 0 0 1  0
107_59	0 160 0 0.000000 0.000000 0 0 0 0 0 0
107_60	0 1004 0 0.000000 0.000000 0 0 0 1 0 0
-1_1005	0 1004 2 0.000000 0.000000 0 0 0 1 0 0
-1_1006	0 235 1 0.000000 0.000000 0 0 0 1 0 0
-1_122	0 0 -1 0.000000 0.000000 0 0 0 1  0
-1_124	0 0 240 0.000000 0.000000 0 0 0 1  0
-1_137	0 0 -1 0.000000 0.000000 0 0 0 1  0
114_108	107 115 0 0.000000 0.000000 0 0 0 1  0
114_109	107 116 0 0.000000 0.000000 0 0 0 1  0
-1_142	0 141 30 0.000000 0.000000 0 0 0 0 0 0
-1_143	0 141 30 0.000000 0.000000 0 0 0 0 0 0
-1_144	0 0 240 0.000000 0.000000  0 0 0 0 0
-1_156	0 891 -10 0.000000 0.000000 0 0 0 1  0
-1_156	0 891 -10 0.000000 0.000000 0 0 0 1  0
-1_156	0 891 -10 0.000000 0.000000 0 0 0 1  0
-1_161	0 166 5 0.000000 0.000000 0 0 0 0 0 0
-1_162	0 169 5 0.000000 0.000000 0 0 0 0 0 0
-1_163	0 172 5 0.000000 0.000000 0 0 0 0 0 0
-1_164	0 173 600 0.000000 0.000000  0 0 0 0 0
-1_165	0 164 5 0.000000 0.000000 0 0 0 0 0 0
-1_166	0 165 5 0.000000 0.000000 0 0 0 0 0 0
-1_167	0 193 5 0.000000 0.000000 0 0 0 0 0 0
-1_168	0 174 5 0.000000 0.000000 0 0 0 0 0 0
-1_169	0 168 5 0.000000 0.000000 0 0 0 0 0 0
-1_171	0 175 5 0.000000 0.000000 0 0 0 0 0 0
-1_172	0 171 5 0.000000 0.000000 0 0 0 0 0 0
-1_174	0 176 10 0.000000 0.000000 0 0 0 0 0 0
-1_175	0 177 10 0.000000 0.000000 0 0 0 0 0 0
-1_183	0 0 -2 0.000000 0.000000 0 0 0 1  0
-1_416	0 852 180 0.000000 0.000000 0 0 0 1  0
-1_189	0 0 240 0.000000 0.000000 0 0 0 1  0
-1_190	0 0 240 0.000000 0.000000  0 0 0 0 0
-1_193	0 194 5 0.000000 0.000000 0 0 0 0 0 0
-1_194	0 173 5 0.000000 0.000000 0 0 0 0 0 0
-1_196	0 161 -1 0.000000 0.000000  0 0 0 0 0
-1_198	0 198 -2 0.000000 0.000000 0 0 0 1  0
-1_212	0 212 -2 0.000000 0.000000 0 0 0 1  0
-1_215	0 218 120 0.000000 0.000000 0 0 0 0 0 0
-1_217	0 219 120 0.000000 0.000000 0 0 0 0 0 0
-1_218	0 50 120 0.000000 0.000000 0 0 0 0 0 0
-1_219	0 393 120 0.000000 0.000000 0 0 0 1  0
-1_220	0 0 -1 0.000000 0.000000  0 0 0 0 0
-1_223	0 0 120 0.000000 0.000000 0 0 0 0 0 0
-1_227	0 0 240 0.000000 0.000000 0 0 0 1  0
-1_229	0 230 120 0.000000 0.000000 0 0 0 0 0 0
-1_230	0 243 120 0.000000 0.000000 0 0 0 0 0 0
124_124	0 292 0 0.000000 0.000000 0 0 0 0 0 0
124_126	0 127 0 0.000000 0.000000 0 0 0 0 0 0
-1_243	0 242 120 0.000000 0.000000 0 0 0 0 0 0
-1_244	0 0 120 0.000000 0.000000 0 0 0 0 0 0
124_59	0 128 0 0.000000 0.000000 0 0 0 0 0 0
-1_248	0 67 60 0.000000 0.000000  0 0 0 0 0
-1_249	0 250 15 0.000000 0.000000 0 0 0 0 0 0
-1_250	0 237 60 0.000000 0.000000 0 0 0 0 0 0
126_124	0 127 0 0.000000 0.000000 0 0 0 0 0 0
126_227	0 127 0 0.000000 0.000000 0 0 0 0 0 0
126_408	0 409 0 0.000000 0.000000 0 1  0 0 0
126_409_LT	0 125 0 0.000000 0.000000 0 1  0 0 0
126_409	0 409 0 0.000000 0.000000 0 1  0 0 0
126_891	0 894 0 0.000000 0.000000 0 0 0 1  0
126_891	0 894 0 0.000000 0.000000 0 0 0 1  0
126_891	0 894 0 0.000000 0.000000 0 0 0 1  0
127_108	107 159 0 0.000000 0.000000 0 0 0 1  0
127_109	107 159 0 0.000000 0.000000 0 0 0 1  0
127_110	107 159 0 0.000000 0.000000 0 0 0 1  0
127_159	0 156 0 0.000000 0.000000 0 0 0 0 0 0
127_159	0 156 0 0.000000 0.000000 0 0 0 0 0 0
127_159	0 156 0 0.000000 0.000000 0 0 0 0 0 0
127_231	0 237 0 0.000000 0.000000 0 0 0 0 0 0
127_237	0 238 0 0.000000 0.000000 0 0 0 0 0 0
127_282	0 293 0 0.000000 0.000000 0 0 0 0 0 0
-1_279	0 30 600 0.000000 0.000000 0 1 0 1  0
-1_282	0 238 30 0.000000 0.000000 0 0 0 0 0 0
-1_293	0 294 30 0.000000 0.000000 0 0 0 0 0 0
-1_30000	0 0 3 0.000000 0.000000  0 0 0 0 0
-1_304	0 303 30 0.000000 0.000000 0 0 0 0 0 0
-1_307	0 310 10 0.000000 0.000000 0 0 0 0 0 0
-1_308	0 311 10 0.000000 0.000000 0 0 0 0 0 0
-1_309	0 312 10 0.000000 0.000000 0 0 0 0 0 0
-1_30	0 30 600 0.000000 0.000000 0 1 0 1  0
-1_31	0 0 300 0.000000 0.000000  0 0 0 0 0
-1_321	0 322 10 0.000000 0.000000 0 0 0 0 0 0
-1_323	0 324 10 0.000000 0.000000 0 0 0 0 0 0
-1_328	0 326 10 0.000000 0.000000 0 0 0 0 0 0
-1_329	0 327 10 0.000000 0.000000 0 0 0 0 0 0
-1_330	0 335 10 0.000000 0.000000 0 0 0 0 0 0
-1_331	0 332 10 0.000000 0.000000 0 0 0 0 0 0
-1_338	0 0 3600 0.000000 0.000000 0 0 0 0 0 0
134_140	0 147 0 0.000000 0.000000 0 0 0 0 0 0
134_149	0 148 0 0.000000 0.000000 0 0 0 0 0 0
-1_346	0 82 240 0.000000 0.000000 0 0 0 0 0 0
134_74	0 474 0 0.000000 0.000000 0 0 0 1  0
135_144	135 146 0 0.000000 0.000000 0 0 0 1  0
135_150	0 150 0 0.000000 0.000000 0 1 0 1  0
135_183	135 184 0 0.000000 0.000000 0 0 0 1  0
135_189	135 191 0 0.000000 0.000000 0 0 0 1  0
135_31	135 35 0 0.000000 0.000000 0 0 0 1  0
135_432	135 35 0 0.000000 0.000000 0 0 0 1  0
135_514	135 515 0 0.000000 0.000000 0 0 0 1  0
135_67	135 239 0 0.000000 0.000000 0 0 0 0 0 0
-1_357	0 0 7200 0.000000 0.000000  0 0 0 0 0
-1_35	0 0 -1 0.000000 0.000000  0 0 0 0 0
-1_388	0 388 300 0.000000 0.000000 0 1 0 1  0
-1_389	0 390 300 0.000000 0.000000 0 0 0 1  0
139_-1_LA	847 0 0 0.000000 0.000000 0 0 0 1  0
-1_392	0 389 120 0.000000 0.000000  0 0 0 0 0
-1_393	0 391 -1 0.000000 0.000000 0 0 0 1  0
-1_398	0 400 120 0.000000 0.000000  0 0 0 0 0
-1_399	0 398 120 0.000000 0.000000  0 0 0 0 0
-1_400	0 401 300 0.000000 0.000000 0 0 0 1  0
-1_401	0 0 600 0.000000 0.000000 0 0 0 1  0
-1_406	0 153 -1 0.000000 0.000000  0 0 0 0 0
-1_416	0 0 180 0.000000 0.000000 0 0  0 0 0
-1_418	0 418 3 0.000000 0.000000 0 0 2 4  0
-1_420_LT	0 429 1 0.000000 0.000000 0 0 2 1  0
-1_420	0 420 1 0.000000 0.000000 0 0 2  0 0
-1_424	0 0 -1 0.000000 0.000000 0 0 0  0 0
-1_427	0 418 1 0.000000 0.000000 0 0 0  0 0
-1_428	0 420 1 0.000000 0.000000 0 0 0 1 0 0
-1_429	0 421 3 0.000000 0.000000 0 0 0 1  0
-1_440	0 442 10 0.000000 0.000000 0 0 0 1  0
-1_444	0 453 10 0.000000 0.000000 0 0 0 1  0
-1_445	0 451 10 0.000000 0.000000 0 0 0 1  0
-1_446	0 449 10 0.000000 0.000000 0 0 0 1  0
-1_447	0 450 10 0.000000 0.000000 0 0 0 1  0
-1_448	0 452 10 0.000000 0.000000 0 0 0 1  0
-1_45	0 65 -1 0.000000 0.000000  0 0 0 0 0
146_140	0 149 0 0.000000 0.000000 0 0 0 0 0 0
146_147	0 148 0 0.000000 0.000000 0 0 0 0 0 0
148_494	152 0 0 0.000000 0.000000 0 0 0 1  0
-1_484	0 484 -10 0.000000 0.000000 0 0 0 1  0
-1_48	0 63 -1 0.000000 0.000000  0 0 0 0 0
-1_497	0 0 120 0.000000 0.000000 0 0 0 1  0
-1_499	0 500 10 0.000000 0.000000 0 0 0 1  0
-1_50	0 51 20 0.000000 0.000000 0 0 0 0 0 0
-1_513	0 511 30 0.000000 0.000000 0 0 0 1  0
-1_51	0 52 20 0.000000 0.000000 0 0 0 0 0 0
152_0_LA	749 798 0 0.000000 0.000000 0 0 0 1  0
152_0_LT	749 752 0 0.000000 0.000000 0 0 0 1  0
152_0	493 148 0 0.000000 0.000000 0 0 0 1  0
152_141	151 510 0 0.000000 0.000000 0 0 0 1 0 1
-1_522	0 0 240 0.000000 0.000000 0 0 0 1  0
152_418	151 420 0 0.000000 0.000000 0 0 0  0 0
152_531	151 539 0 0.000000 0.000000 0 0 0 1  0
152_532	151 536 0 0.000000 0.000000 0 0 0 1  0
152_632	151 635 0 0.000000 0.000000 0 0 0 1  0
152_635	151 637 0 0.000000 0.000000 0 0 0 1  0
152_646	151 632 0 0.000000 0.000000 0 0 0 1  0
-1_52	0 50 20 0.000000 0.000000 0 0 0 0 0 0
-1_531_LT	0 532 3 0.000000 0.000000 0 0 2 4  0
-1_531	0 531 3 0.000000 0.000000 0 0 2 4  0
-1_532_LT	0 531 3 0.000000 0.000000 0 0 2 2  0
-1_532	0 532 3 0.000000 0.000000 0 0 2 4  0
-1_534_LT	0 603 3 0.000000 0.000000 0 0 0 1  0
-1_534	0 534 3 0.000000 0.000000 0 0 2 1  0
-1_53	0 56 60 0.000000 0.000000 0 0 0 0 0 0
-1_541_LT	0 544 6 0.000000 0.000000 0 0 1 1  0
-1_541	0 541 6 0.000000 0.000000 0 0 1 1  0
-1_542_LT	0 604 3 0.000000 0.000000 0 0 0 1  0
-1_542	0 542 3 0.000000 0.000000 0 0 1 1  0
-1_544_LT	0 541 6 0.000000 0.000000 0 0 2 1  0
-1_544	0 544 6 0.000000 0.000000 0 0 2 2  0
-1_545	0 542 1 0.000000 0.000000 0 0 0 1  0
-1_54	0 56 60 0.000000 0.000000 0 0 0 0 0 0
-1_55	0 60 60 0.000000 0.000000 0 0 0 0 0 0
-1_566	0 0 7200 0.000000 0.000000 0 0 0 1  0
-1_56	0 0 60 0.000000 0.000000 0 0 0 0 0 0
-1_572	0 566 1 0.000000 0.000000 0 0 0 1  0
-1_573	0 148 1 0.000000 0.000000 0 0 0 1  0
-1_575_LT	0 600 6 0.000000 0.000000 0 0 1 1  0
-1_575	0 575 6 0.000000 0.000000 0 0 1 1  0
-1_577	0 577 6 0.000000 0.000000 0 0 2 1  0
-1_588	0 0 7200 0.000000 0.000000 0 0 0 1  0
-1_589	0 588 1 0.000000 0.000000 0 0 0 1  0
-1_600_LT	0 575 6 0.000000 0.000000 0 0 2 1  0
-1_600	0 600 6 0.000000 0.000000 0 0 2 1  0
160_164	0 162 0 0.000000 0.000000 0 0 0 0 0 0
160_165	0 162 0 0.000000 0.000000 0 0 0 0 0 0
160_166	0 162 0 0.000000 0.000000 0 0 0 0 0 0
160_173	0 163 0 0.000000 0.000000 0 0 0 0 0 0
160_193	0 163 0 0.000000 0.000000 0 0 0 0 0 0
160_194	0 163 0 0.000000 0.000000 0 0 0 0 0 0
-1_601_LT	0 541 3 0.000000 0.000000 0 0 2 1  0
-1_601	0 601 3 0.000000 0.000000 0 0 2 1  0
-1_602_LT	0 575 3 0.000000 0.000000 0 0 1 1  0
-1_602	0 602 3 0.000000 0.000000 0 0 1 1  0
-1_603_LT	0 605 3 0.000000 0.000000 0 0 0 1  0
-1_603	0 603 3 0.000000 0.000000 0 0 1 1  0
-1_604_LT	0 606 3 0.000000 0.000000 0 0 0 1  0
-1_604	0 604 3 0.000000 0.000000 0 0 1 1  0
-1_605	0 0 300 0.000000 0.000000 0 0 0 1  0
-1_606	0 0 300 0.000000 0.000000 0 0 0 1  0
-1_609_LT	0 575 3 0.000000 0.000000 0 0 1 1  0
-1_609	0 609 3 0.000000 0.000000 0 0 1 1  0
-1_60	0 50 -1 0.000000 0.000000  0 0 0 0 0
-1_610_LT	0 541 3 0.000000 0.000000 0 0 2 1  0
-1_610	0 610 3 0.000000 0.000000 0 0 2 1  0
-1_614_LT	0 575 6 0.000000 0.000000 0 0 2 1  0
-1_614	0 614 6 0.000000 0.000000 0 0 2 1  0
-1_615	0 848 600 0.000000 0.000000 0 0 0 1  0
-1_616	0 575 2 0.000000 0.000000 0 0 2 1  0
-1_61	0 0 120 0.000000 0.000000 0 0 0 0 0 0
-1_628	0 628 3 0.000000 0.000000 0 0 3 4  0
-1_62	0 0 120 0.000000 0.000000 0 0 0 0 0 0
-1_631	0 631 3 0.000000 0.000000 0 0 1 4  0
-1_632	0 632 2 0.000000 0.000000 0 0 1 2  0
-1_635	0 635 2 0.000000 0.000000 0 0 1 2  0
-1_637	0 644 1 0.000000 0.000000 0 0 2 2  0
-1_643	0 0 -2 0.000000 0.000000 0 0 0 1  0
-1_644	0 639 1 0.000000 0.000000 0 0 0 1  0
-1_645	0 628 1 0.000000 0.000000 0 0 2 3  0
-1_648	0 631 2 0.000000 0.000000 0 0 1 1  0
-1_649	0 650 1 0.000000 0.000000 0 0 0 1  0
-1_650	0 630 -24 0.000000 0.000000 0 0 0 1  0
-1_653	0 631 1 0.000000 0.000000 0 0 0 1  0
-1_654	0 632 1 0.000000 0.000000 0 0 0 1  0
-1_655	0 635 1 0.000000 0.000000 0 0 0 1  0
-1_658	0 0 -1 0.000000 0.000000 0 0 0 1  0
-1_662	0 662 300 0.000000 0.000000 0 1 0 1  0
-1_663	0 663 300 0.000000 0.000000 0 1 0 1  0
-1_664	0 662 -10 0.000000 0.000000 0 0 0 1  0
-1_665	0 663 -10 0.000000 0.000000 0 0 0 1  0
-1_682	0 683 10 0.000000 0.000000 0 0 0 1  0
-1_703	0 703 3 0.000000 0.000000 0 0 3 2  0
-1_705_LT	0 703 1 0.000000 0.000000 0 0 2 5  0
-1_705	0 705 1 0.000000 0.000000 0 0 2 5  0
-1_707	0 707 3 0.000000 0.000000 0 0 3 2  0
-1_710	0 0 -1 0.000000 0.000000 0 0 0 1  0
-1_717	0 719 30 0.000000 0.000000 0 0 0 1  0
-1_718	0 720 30 0.000000 0.000000 0 0 0 1  0
-1_719	0 707 2 0.000000 0.000000 0 0 5 1  0
-1_720	0 703 2 0.000000 0.000000 0 0 5 1  0
-1_721	0 706 1 0.000000 0.000000 0 0 0 1  0
-1_735	0 732 120 0.000000 0.000000 0 0 0 1  0
-1_749	0 151 30 0.000000 0.000000 0 0 0 1  0
-1_750	0 560 30 0.000000 0.000000 0 0 0 1  0
-1_752	0 87 300 0.000000 0.000000 0 0 0 1  0
-1_757	0 156 2 0.000000 0.000000 0 0 0 1  0
-1_759	0 156 2 0.000000 0.000000 0 0 0 1  0
-1_757	0 156 2 0.000000 0.000000 0 0 0 1  0
-1_757	0 156 2 0.000000 0.000000 0 0 0 1  0
-1_759	0 156 2 0.000000 0.000000 0 0 0 1  0
-1_759	0 156 2 0.000000 0.000000 0 0 0 1  0
-1_75	0 67 10 0.000000 0.000000 0 0 0 0 0 0
-1_761	0 762 300 0.000000 0.000000 0 0 0 1  0
-1_762	0 763 300 0.000000 0.000000 0 0 0 1  0
-1_763	0 761 300 0.000000 0.000000 0 0 0 1  0
-1_764	0 764 10 0.000000 0.000000 0 0 2 4  0
-1_769	0 769 3 0.000000 0.000000 0 0 2 5  0
-1_775	0 775 3 0.000000 0.000000 0 0 2 4  0
-1_77	0 62 10 0.000000 0.000000 0 0 0 0 0 0
-1_780	0 780 3 0.000000 0.000000 0 0 2 4  0
-1_782	0 0 10 0.000000 0.000000 0 0 0 1  0
-1_784	0 661 1 0.000000 0.000000 0 0 0 1  0
-1_788	0 838 -1 0.000000 0.000000 0 0 0 1  0
-1_78	0 80 5 0.000000 0.000000 0 0 0 0 0 0
-1_790	0 624 240 0.000000 0.000000 0 0 0 1  0
-1_796	0 796 3 0.000000 0.000000 0 0 2 5  0
-1_79	0 0 120 0.000000 0.000000 0 0 0 0 0 0
-1_800	0 799 2 0.000000 0.000000 0 0 0 1  0
-1_80	0 79 10 0.000000 0.000000 0 0 0 0 0 0
182_235	0 254 0 0.000000 0.000000 0 0 0 0 0 0
182_253	0 256 0 0.000000 0.000000 0 0 0 0 0 0
182_258	0 257 0 0.000000 0.000000 0 0 0 0 0 0
182_547	0 262 0 0.000000 0.000000 0 0 0 1  0
-1_815	0 816 -3 0.000000 0.000000 0 0 0 1  0
182_853	0 185 0 0.000000 0.000000 0 0 0 1  0
-1_818	0 820 -3 0.000000 0.000000 0 0 0 1  0
-1_823	0 824 -3 0.000000 0.000000 0 0 0 1  0
-1_826	0 827 -3 0.000000 0.000000 0 0 0 1  0
-1_829	0 830 -3 0.000000 0.000000 0 0 0 1  0
-1_82	0 85 60 0.000000 0.000000 0 0 0 0 0 0
183_183	0 204 0 0.000000 0.000000 0 0 0 0 0 0
183_204	0 205 0 0.000000 0.000000 0 0 0 0 0 0
183_205	0 206 0 0.000000 0.000000 0 0 0 0 0 0
-1_832	0 833 -3 0.000000 0.000000 0 0 0 1  0
-1_835	0 842 3 0.000000 0.000000 0 0 0 1  0
-1_839	0 841 10 0.000000 0.000000 0 0 0 1  0
-1_83	0 82 30 0.000000 0.000000 0 0 0 0 0 0
-1_840	0 842 1200 0.000000 0.000000 0 0 0 1  0
-1_841	0 842 1200 0.000000 0.000000 0 0 0 1  0
-1_843	0 812 1 0.000000 0.000000 0 0 0 1  0
-1_845	0 860 1800 0.000000 0.000000 0 0 0 1  0
-1_846	0 0 -1 0.000000 0.000000 0 0 0 1  0
-1_847	0 0 240 0.000000 0.000000 0 0 0 1  0
-1_851	0 0 -1 0.000000 0.000000 0 0 0 1  0
-1_854	0 856 10 0.000000 0.000000 0 0 0 1  0
185_519	416 519 0 0.000000 0.000000 0 0 0 1  0
185_85	197 85 0 0.000000 0.000000 0 0 0 0 0 0
-1_858	0 0 -1 0.000000 0.000000 0 0 0 1  0
-1_859	0 0 -1 0.000000 0.000000 0 0 0 1  0
-1_85	0 86 120 0.000000 0.000000 0 0 0 0 0 0
-1_860	0 0 -1 0.000000 0.000000 0 0 0 1  0
-1_861	0 846 1800 0.000000 0.000000 0 0 0 1  0
197_-1	852 197 0 0.000000 0.000000 0 0 0 1  0
-1_862	0 0 -1 0.000000 0.000000 0 0 0 1  0
-1_863	0 0 -1 0.000000 0.000000 0 0 0 1  0
-1_864	0 0 1800 0.000000 0.000000 0 0 0 1  0
-1_865	0 0 1800 0.000000 0.000000 0 0 0 1  0
-1_866	0 0 1800 0.000000 0.000000 0 0 0 1  0
-1_869	0 0 1800 0.000000 0.000000 0 0 0 1  0
-1_86	0 0 120 0.000000 0.000000 0 0 0 0 0 0
-1_870	0 864 -5 0.000000 0.000000 0 0 0 1  0
-1_871	0 865 -5 0.000000 0.000000 0 0 0 1  0
-1_872	0 866 -5 0.000000 0.000000 0 0 0 1  0
-1_873	0 869 -5 0.000000 0.000000 0 0 0 1  0
-1_874	0 0 1800 0.000000 0.000000 0 0 0 1  0
-1_87	0 88 120 0.000000 0.000000 0 0 0 0 0 0
-1_884	0 898 -10 0.000000 0.000000 0 0 0 1  0
-1_887	0 897 -10 0.000000 0.000000 0 0 0 1  0
-1_887	0 897 -10 0.000000 0.000000 0 0 0 1  0
-1_887	0 897 -10 0.000000 0.000000 0 0 0 1  0
-1_891	0 753 1800 0.000000 0.000000 0 0 0 1  0
-1_88	0 89 3600 0.000000 0.000000 0 0 0 0 0 0
-1_891	0 753 1800 0.000000 0.000000 0 0 0 1  0
-1_891	0 753 1800 0.000000 0.000000 0 0 0 1  0
-1_894	0 156 30 0.000000 0.000000 0 0 0 1  0
-1_894	0 156 30 0.000000 0.000000 0 0 0 1  0
-1_894	0 156 30 0.000000 0.000000 0 0 0 1  0
-1_89	0 0 7200 0.000000 0.000000 0 0 0 0 0 0
-1_901	0 902 -1 0.000000 0.000000 0 0 0 1  0
191_58	192 0 0 0.000000 0.000000 0 0 0 0 0 0
192_183	191 200 0 0.000000 0.000000 0 0 0 0 0 0
192_184	191 209 0 0.000000 0.000000 0 0 0 0 0 0
192_204	191 199 0 0.000000 0.000000 0 0 0 0 0 0
192_205	191 201 0 0.000000 0.000000 0 0 0 0 0 0
192_206	191 202 0 0.000000 0.000000 0 0 0 0 0 0
192_207	191 203 0 0.000000 0.000000 0 0 0 0 0 0
192_208	191 198 0 0.000000 0.000000 0 0 0 0 0 0
192_425	191 426 0 0.000000 0.000000 0 0 0  0 0
192_593	191 776 0 0.000000 0.000000 0 0 0 1  0
192_711	191 712 0 0.000000 0.000000 0 0 0 1  0
192_765	191 766 0 0.000000 0.000000 0 0 0 1  0
-1_933	0 551 1 0.000000 0.000000 0 0 0 1  0
-1_934	0 67 1 0.000000 0.000000 0 0 0 1  0
-1_936	0 0 -1 0.000000 0.000000 0 0 0 1  0
-1_938	0 939 240 0.000000 0.000000 0 0 0 1  0
-1_96	0 0 -1 0.000000 0.000000  0 0 0 0 0
197_-1	190 0 0 0.000000 0.000000 0 0 0 0 0 0
-1_981	0 983 -10 0.000000 0.000000 0 0 0 1 0 0
198_211	212 411 0 0.000000 0.000000 0  0 0 0 0
198_213	212 0 0 0.000000 0.000000 0 0 0 0 0 0
-1_982	0 984 -10 0.000000 0.000000 0 0 0 1 0 0
198_411_LT	212 410 0 0.000000 0.000000 0  0 0 0 0
198_411	212 411 0 0.000000 0.000000 0  0 0 0 0
-1_994	0 996 -10 0.000000 0.000000 0 0 0 1 0 0
-1_995	0 997 -10 0.000000 0.000000 0 0 0 1 0 0
-1_99	0 100 -1 0.000000 0.000000  0 0 0 0 0
207_206	0 208 0 0.000000 0.000000 0 0 0 0 0 0
207_207	0 184 0 0.000000 0.000000 0 0 0 0 0 0
209_-1	210 0 0 0.000000 0.000000 0 0 0 1  0
209_239	0 287 0 0.000000 0.000000 0 0 0 0 0 0
209_388	210 388 0 0.000000 0.000000 0 0  0 0 0
209_412_LT	210 512 0 0.000000 0.000000 0 0 0 1  0
209_511_LT	210 512 0 0.000000 0.000000 0 0 0 1  0
210_-1	209 0 0 0.000000 0.000000 0 0 0 0 0 0
212_-1	198 213 0 0.000000 0.000000 0 0 0 0 0 0
212_410	198 411 0 0.000000 0.000000 0 1  0 0 0
212_411_LT	198 211 0 0.000000 0.000000 0 1  0 0 0
212_411	198 411 0 0.000000 0.000000 0 1  0 0 0
-2_141	0 143 0 0.000000 0.000000 0 0 0 1 0 1
-2_164	0 161 0 0.000000 0.000000 0 0 0 0 0 0
-2_165	0 161 0 0.000000 0.000000 0 0 0 0 0 0
-2_166	0 161 0 0.000000 0.000000 0 0 0 0 0 0
-2_173	0 167 0 0.000000 0.000000 0 0 0 0 0 0
-2_193	0 167 0 0.000000 0.000000 0 0 0 0 0 0
-2_194	0 167 0 0.000000 0.000000 0 0 0 0 0 0
220_213	0 214 0 0.000000 0.000000 0 0 0 0 0 0
223_213	0 228 0 0.000000 0.000000 0 0 0 0 0 0
227_126	0 127 0 0.000000 0.000000 0 0 0 0 0 0
227_227	0 292 0 0.000000 0.000000 0 0 0 0 0 0
235_-1	382 0 0 0.000000 0.000000 0 0 0 1  0
235_226	245 227 0 0.000000 0.000000 0 0 0 0 0 0
235_297	245 0 0 0.000000 0.000000 0 0 0 0 0 0
235_30	253 279 0 0.000000 1.000000 0 0 0 1  0
235_388	382 388 0 0.000000 0.000000 0 0 0 0 0 0
235_391	253 392 0 0.000000 1.000000 0 0 0 1  0
235_412_LT	382 512 0 0.000000 0.000000 0 0 0 1  0
235_511_LT	382 512 0 0.000000 0.000000 0 0 0 1  0
235_681	686 0 0 0.000000 0.000000 0 0 0 1  0
235_688	686 0 0 0.000000 0.000000 0 0 0 1  0
236_316	0 319 0 0.000000 0.000000 0 0 0 0 0 0
236_495	0 319 0 0.000000 0.000000 0 0 0 1  0
239_209	0 287 0 0.000000 0.000000 0 0 0 0 0 0
239_233	284 0 0 0.000000 0.000000 0 0 0 0 0 0
239_234	240 0 0 0.000000 0.000000 0 0 0 0 0 0
239_285	295 0 0 0.000000 0.000000 0 0 0 0 0 0
239_290	289 0 0 0.000000 0.000000 0 0 0 0 0 0
239_307	308 0 0 0.000000 0.000000 0 0 0 0 0 0
239_309	308 291 0 0.000000 0.000000 0 0 0 0 0 0
239_310	311 0 0 0.000000 0.000000 0 0 0 0 0 0
239_312	311 291 0 0.000000 0.000000 0 0 0 0 0 0
239_319	320 0 0 0.000000 0.000000 0 0 0 0 0 0
239_321	323 0 0 0.000000 0.000000 0 0 0 0 0 0
239_326	327 0 0 0.000000 0.000000 0 0 0 0 0 0
239_328	329 0 0 0.000000 0.000000 0 0 0 0 0 0
239_335	327 291 0 0.000000 0.000000 0 0 0 1  0
239_675	678 0 0 0.000000 0.000000 0 0 0 1  0
239_686	690 0 0 0.000000 0.000000 0 0 0 1  0
240_-1	239 234 0 0.000000 0.000000 0 0 0 0 0 0
240_282	241 282 0 0.000000 0.000000 0 0 0 0 0 0
241_-1	239 236 0 0.000000 0.000000 0 0 0 0 0 0
248_247	248 249 0 0.000000 0.000000 0 0 0 0 0 0
248_281	248 282 0 0.000000 0.000000 0 0 0 0 0 0
248_299	248 282 0 0.000000 0.000000 0 0 0 0 0 0
248_305	248 304 0 0.000000 0.000000 0 0 0 0 0 0
248_61	248 80 0 0.000000 0.000000 0 0 0 0 0 0
248_72	248 82 0 0.000000 0.000000 0 0 0 0 0 0
252_236_LA	235 264 0 0.000000 0.000000 0 0 0 1  0
252_236	252 264 0 0.000000 0.000000 0 0 0 1  0
253_-1	235 0 0 0.000000 0.000000  0 0 0 0 0
253_254	235 256 0 0.000000 0.000000 0 0 0 0 0 0
253_262	235 257 0 0.000000 0.000000 0 0 0 0 0 0
253_264	235 265 0 0.000000 0.000000 0 0 0 0 0 0
253_547	235 258 0 0.000000 0.000000 0 0 0 1  0
255_264	235 270 0 0.000000 0.000000 0 0 0 0 0 0
259_264	235 267 0 0.000000 0.000000 0 0 0 0 0 0
260_227	235 623 0 0.000000 0.000000 0 0 0 1  0
260_264	235 266 0 0.000000 0.000000 0 0 0 0 0 0
261_264	235 271 0 0.000000 0.000000 0 0 0 0 0 0
-2_630	0 647 0 0.000000 0.000000 0 0 0 1  0
263_264	235 269 0 0.000000 0.000000 0 0 0 0 0 0
-2_647	0 648 0 0.000000 0.000000 0 0 0 1  0
265_250	272 250 0 0.000000 0.000000 0 0 0 0 0 0
266_250	275 250 0 0.000000 0.000000 0 0 0 0 0 0
267_250	278 250 0 0.000000 0.000000 0 0 0 0 0 0
268_250	273 250 0 0.000000 0.000000 0 0 0 0 0 0
269_250	277 250 0 0.000000 0.000000 0 0 0 0 0 0
270_250	274 250 0 0.000000 0.000000 0 0 0 0 0 0
-2_703	0 705 0 0.000000 0.000000 0 0 0 1  0
271_250	276 250 0 0.000000 0.000000 0 0 0 0 0 0
283_-1	239 235 0 0.000000 0.000000 0 0 0 0 0 0
284_-1	239 233 0 0.000000 0.000000 0 0 0 0 0 0
284_282	283 282 0 0.000000 0.000000 0 0 0 0 0 0
286_287	0 288 0 0.000000 0.000000 0 0 0 0 0 0
288_238	0 303 0 0.000000 0.000000 0 0 0 0 0 0
288_299	0 305 0 0.000000 0.000000 0 0 0 0 0 0
289_-1	239 290 0 0.000000 0.000000 0 0 0 0 0 0
289_304	308 304 0 0.000000 0.000000 0 0 0 0 0 0
292_211	336 411 0 0.000000 0.000000 0  0 0 0 0
292_213	336 0 0 0.000000 0.000000 0 0 0 0 0 0
292_299	298 238 0 0.000000 0.000000 0 0 0 0 0 0
292_300	298 0 0 0.000000 0.000000 0 0 0 0 0 0
292_305	298 303 0 0.000000 0.000000 0 0 0 0 0 0
292_357	356 0 0 0.000000 0.000000 0 0 0 0 0 0
292_411_LT	336 410 0 0.000000 0.000000 0  0 0 0 0
292_411	336 411 0 0.000000 0.000000 0  0 0 0 0
292_566	571 0 0 0.000000 0.000000 0 0 0 1  0
292_572	571 0 0 0.000000 0.000000 0 0 0 1  0
292_588	590 0 0 0.000000 0.000000 0 0 0 1  0
292_615	336 0 0 0.000000 0.000000 0 0 0 1  0
292_624_LT	336 0 0 0.000000 0.000000 0 0 0 1  0
292_624	336 624 0 0.000000 0.000000 0 0 0 1  0
292_87	356 0 0 0.000000 0.000000 0 0 0 0 0 0
292_88	356 0 0 0.000000 0.000000 0 0 0 0 0 0
292_89	356 0 0 0.000000 0.000000 0 0 0 0 0 0
295_-1	239 285 0 0.000000 0.000000 0 0 0 0 0 0
295_282	296 282 0 0.000000 0.000000 0 0 0 0 0 0
296_-1	239 286 0 0.000000 0.000000 0 0 0 0 0 0
298_-1	292 300 0 0.000000 0.000000 0 0 0 0 0 0
298_303	292 305 0 0.000000 0.000000 0 0 0 0 0 0
302_235	0 318 0 0.000000 0.000000 0 0 0 0 0 0
302_301	0 300 0 0.000000 0.000000 0 0 0 0 0 0
302_302	0 301 0 0.000000 0.000000 0 0 0 0 0 0
302_317	0 316 0 0.000000 0.000000 0 0 0 0 0 0
308_-1	239 307 0 0.000000 0.000000 0 0 0 0 0 0
308_291	239 309 0 0.000000 0.000000 0 0 0 0 0 0
311_-1	239 310 0 0.000000 0.000000 0 0 0 0 0 0
311_304	308 304 0 0.000000 0.000000 0 0 0 0 0 0
314_235	0 317 0 0.000000 0.000000 0 0 0 0 0 0
314_318	0 316 0 0.000000 0.000000 0 0 0 0 0 0
320_-1	239 319 0 0.000000 0.000000 0 0 0 0 0 0
320_304	323 304 0 0.000000 0.000000 0 0 0 0 0 0
323_-1	239 321 0 0.000000 0.000000 0 0 0 0 0 0
324_-1	239 322 0 0.000000 0.000000 0 0 0 1  0
327_-1	239 326 0 0.000000 0.000000 0 0 0 0 0 0
327_304	329 304 0 0.000000 0.000000 0 0 0 0 0 0
329_-1	239 328 0 0.000000 0.000000 0 0 0 0 0 0
329_291	239 330 0 0.000000 0.000000 0 0 0 0 0 0
33_107	33 108 0 0.000000 0.000000 0 0 0 0 0 0
33_108	33 109 0 0.000000 0.000000 0 0 0 0 0 0
33_109	33 110 0 0.000000 0.000000 0 0 0 0 0 0
33_110	33 486 0 0.000000 0.000000 0 0 0 1  0
33_126	33 233 0 0.000000 0.000000 0 0 0 0 0 0
33_127	33 231 0 0.000000 0.000000 0 0 0 0 0 0
33_233	33 234 0 0.000000 0.000000 0 0 0 0 0 0
33_245	33 251 0 0.000000 0.000000 0 0 0 0 0 0
33_309	33 313 0 0.000000 0.000000 0 0 0 0 0 0
33_32	34 32 0 0.000000 0.000000 0 0 0 0 0 0
33_330	33 440 0 0.000000 0.000000 0 0 0 1  0
33_33	0 661 0 0.000000 0.000000 0 1 0 1  0
333_67	0 334 0 0.000000 0.000000 0 0 0 0 0 0
334_100	334 340 0 0.000000 0.000000 0 0 0 0 0 0
334_153	334 340 0 0.000000 0.000000 0 0 0 0 0 0
334_-1_LA	858 0 0 0.000000 0.000000 0 0 0 1  0
334_367	334 72 0 0.000000 0.000000 0 0 0 0 0 0
334_406	334 340 0 0.000000 0.000000 0 0 0 1  0
334_45	334 340 0 0.000000 0.000000 0 0 0 0 0 0
334_48	334 340 0 0.000000 0.000000 0 0 0 0 0 0
334_49	334 342 0 0.000000 0.000000 0 0 0 0 0 0
334_527	334 340 0 0.000000 0.000000 0 0 0 1  0
334_530	334 340 0 0.000000 0.000000 0 0 0 1  0
334_63	334 340 0 0.000000 0.000000 0 0 0 0 0 0
334_65	334 340 0 0.000000 0.000000 0 0 0 0 0 0
334_760	334 340 0 0.000000 0.000000 0 0 0 1  0
33_486	33 622 0 0.000000 0.000000 0 0 0 1  0
334_977	334 979 0 0.000000 0.000000 0 0 0 1 0 0
334_978	334 980 0 0.000000 0.000000 0 0 0 1 0 0
334_990	334 992 0 0.000000 0.000000 0 0 0 1 0 0
334_991	334 993 0 0.000000 0.000000 0 0 0 1 0 0
334_99	334 340 0 0.000000 0.000000 0 0 0 0 0 0
336_-1	292 213 0 0.000000 0.000000 0 0 0 0 0 0
33_622	33 108 0 0.000000 0.000000 0 0 0 1  0
336_410	292 411 0 0.000000 0.000000 0 1  0 0 0
336_411_LT	292 211 0 0.000000 0.000000 0 1  0 0 0
336_411	292 411 0 0.000000 0.000000 0 1  0 0 0
33_661	0 661 0 0.000000 0.000000 0 1 0 1  0
33_853	33 487 0 0.000000 0.000000 0 0 0 1  0
34_132	34 131 0 0.000000 0.000000 0 0 0 0 0 0
34_133	34 150 0 0.000000 0.000000 0 0 0 0 0 0
34_135	34 134 0 0.000000 0.000000 0 0 0 0 0 0
34_136	34 138 0 0.000000 0.000000 0 0 0 0 0 0
34_254	34 255 0 0.000000 0.000000 0 0 0 0 0 0
34_256	34 261 0 0.000000 0.000000 0 0 0 0 0 0
34_257	34 259 0 0.000000 0.000000 0 0 0 0 0 0
34_258	34 260 0 0.000000 0.000000 0 0 0 0 0 0
34_262	34 263 0 0.000000 0.000000 0 0 0 0 0 0
344_82	0 346 0 0.000000 0.000000 0 0 0 0 0 0
344_83	0 346 0 0.000000 0.000000 0 0 0 0 0 0
34_487	34 852 0 0.000000 0.000000 0 0 0 1  0
34_547	34 548 0 0.000000 0.000000 0 0 0 1  0
345_82	0 346 0 0.000000 0.000000 0 0 0 0 0 0
345_83	0 346 0 0.000000 0.000000 0 0 0 0 0 0
34_626	34 107 0 0.000000 0.000000 0 0 0 1  0
34_64	34 67 0 0.000000 0.000000 0 0 0 0 0 0
34_66	34 68 0 0.000000 0.000000 0 0 0 0 0 0
34_67	34 69 0 0.000000 0.000000 0 0 0 0 0 0
34_69	34 107 0 0.000000 0.000000 0 0 0 0 0 0
34_70	0 71 0 0.000000 0.000000 0 0 0 0 0 0
34_92	0 850 0 0.000000 0.000000 0 0 0 1  0
34_939	34 940 0 0.000000 0.000000 0 0 0 1  0
34_946	34 949 0 0.000000 0.000000 0 0 0 1 0 0
34_965	34 974 0 0.000000 0.000000 0 0 0 1 0 0
35_213	0 216 0 0.000000 0.000000 0 0 0 0 0 0
356_-1	292 357 0 0.000000 0.000000 0 0 0 0 0 0
382_-1	235 0 0 0.000000 0.000000  0 0 0 0 0
382_85	0 730 0 0.000000 0.000000 0 0 0 1  0
394_1004	394 1005 0 0.000000 0.000000 0 0 0 1 0 0
394_156	394 757 0 0.000000 0.000000 0 0 0 1  0
394_156	394 757 0 0.000000 0.000000 0 0 0 1  0
394_156	394 757 0 0.000000 0.000000 0 0 0 1  0
394_209	394 210 0 0.000000 0.000000 0 0  0 0 0
394_214	394 215 0 0.000000 0.000000 0 0 0 0 0 0
394_216	394 217 0 0.000000 0.000000 0 0 0 0 0 0
394_228	394 229 0 0.000000 0.000000 0 0 0 0 0 0
394_235	394 382 0 0.000000 0.000000 0 0  0 0 0
394_251	394 252 0 0.000000 0.000000 0 0 0 0 0 0
394_388	394 388 0 0.000000 0.000000 0 1  0 0 0
394_389	394 393 0 0.000000 0.000000 0 0 0 0 0 0
394_392	394 393 0 0.000000 0.000000 0 0 0 0 0 0
394_396	394 399 0 0.000000 0.000000 0 0 0 0 0 0
394_412_LT	394 513 0 0.000000 0.000000 0 1 0 1  0
394_511_LT	394 513 0 0.000000 0.000000 0 1 0 1  0
394_512	394 511 0 0.000000 0.000000 0 1 0 1  0
394_623	394 625 0 0.000000 0.000000 0 0 0 1  0
394_659	394 660 0 0.000000 0.000000 0 0 0 1  0
394_662	394 662 0 0.000000 0.000000 0 1 0 1  0
394_663	394 663 0 0.000000 0.000000 0 1 0 1  0
394_670	394 672 0 0.000000 0.000000 0 1 0 1  0
394_672_LT	394 671 0 0.000000 0.000000 0 1 0 1  0
394_672	394 672 0 0.000000 0.000000 0 1 0 1  0
394_673	394 672 0 0.000000 0.000000 0 1 0 1  0
394_753	394 127 0 0.000000 0.000000 0 0 0 1  0
394_757	394 759 0 0.000000 0.000000 0 0 0 1  0
394_757	394 759 0 0.000000 0.000000 0 0 0 1  0
394_757	394 759 0 0.000000 0.000000 0 0 0 1  0
394_783	394 127 0 0.000000 0.000000 0 0 0 1  0
394_799	394 800 0 0.000000 0.000000 0 0 0 1  0
394_937	394 938 0 0.000000 0.000000 0 0 0 1  0
395_213	0 396 0 0.000000 0.000000 0 0 0 0 0 0
402_692	0 698 0 0.000000 0.000000 0 0 0 1  0
405_235	0 547 0 0.000000 0.000000 0 0 0 1  0
405_253	0 258 0 0.000000 0.000000  0 0 0 0 0
405_254	0 262 0 0.000000 0.000000  0 0 0 0 0
405_256	0 257 0 0.000000 0.000000  0 0 0 0 0
405_264	0 268 0 0.000000 0.000000  0 0 0 0 0
405_772	0 773 0 0.000000 0.000000 0 0 0 1  0
418_0	427 0 0 0.000000 0.000000 0 0 0  0 0
420_0	428 0 0 0.000000 0.000000 0 0 0  0 0
425_692	0 699 0 0.000000 0.000000 0 0 0 1  0
441_1001	441 911 0 0.000000 0.000000 0 0 0 1 0 0
441_-1_LA	858 0 0 0.000000 0.000000 0 0 0 1  0
441_309	441 313 0 0.000000 0.000000 0 0 0 1  0
441_330	441 331 0 0.000000 0.000000 0 0 0 1  0
441_331	441 854 0 0.000000 0.000000 0 0 0 1  0
441_444	441 446 0 0.000000 0.000000 0 0 0 1  0
441_445	441 444 0 0.000000 0.000000 0 0 0 1  0
441_446	441 447 0 0.000000 0.000000 0 0 0 1  0
441_447	441 448 0 0.000000 0.000000 0 0 0 1  0
441_448	441 499 0 0.000000 0.000000 0 0 0 1  0
441_465	441 466 0 0.000000 0.000000 0 0 0 1  0
441_499	441 682 0 0.000000 0.000000 0 0 0 1  0
441_567	441 568 0 0.000000 0.000000 0 0 0 1  0
441_689	441 692 0 0.000000 0.000000 0 0 0 1  0
441_697	441 700 0 0.000000 0.000000 0 0 0 1  0
441_698	441 701 0 0.000000 0.000000 0 0 0 1  0
441_699	441 702 0 0.000000 0.000000 0 0 0 1  0
441_810	441 809 0 0.000000 0.000000 0 0 0 1  0
441_854	441 445 0 0.000000 0.000000 0 0 0 1  0
441_906	441 905 0 0.000000 0.000000 0 0 0 1  0
441_907	441 910 0 0.000000 0.000000 0 0 0 1  0
443_69	0 441 0 0.000000 0.000000 0 0 0 1  0
454_67	0 462 0 0.000000 0.000000 0 0 0 1  0
455_-1_LA	862 0 0 0.000000 0.000000 0 0 0 1  0
455_326	0 906 0 0.000000 0.000000 0 0 0 1  0
455_459	0 907 0 0.000000 0.000000 0 0 0 1  0
455_464	0 465 0 0.000000 0.000000 0 0 0 1  0
455_503	0 508 0 0.000000 0.000000 0 0 0 1  0
455_504	0 882 0 0.000000 0.000000 0 0 0 1  0
455_505	0 882 0 0.000000 0.000000 0 0 0 1  0
455_506	0 882 0 0.000000 0.000000 0 0 0 1  0
455_932_LA	862 932 0 0.000000 0.000000 0 0 0 1  0
456_69	0 463 0 0.000000 0.000000 0 0 0 1  0
458_1002	458 912 0 0.000000 0.000000 0 0 0 1 0 0
458_-1_LA	862 0 0 0.000000 0.000000 0 0 0 1  0
458_459	458 559 0 0.000000 0.000000 0 0 0 1  0
458_559	458 460 0 0.000000 0.000000 0 0 0 1  0
458_911	458 912 0 0.000000 0.000000 0 0 0 1  0
458_912	458 912 0 0.000000 0.000000 0 0 0 1  0
458_917	458 1003 0 0.000000 0.000000 0 0 0 1 0 0
458_927	458 928 0 0.000000 0.000000 0 0 0 1  0
460_68	0 461 0 0.000000 0.000000 0 0 0 1  0
461_-1_LA	858 0 0 0.000000 0.000000 0 0 0 1  0
461_345	461 472 0 0.000000 0.000000 0 0 0 1  0
462_-1_LA	858 0 0 0.000000 0.000000 0 0 0 1  0
462_345	462 467 0 0.000000 0.000000 0 0 0 1  0
462_485	462 470 0 0.000000 0.000000 0 0 0 1  0
462_557	462 556 0 0.000000 0.000000 0 0 0 1  0
462_656	462 668 0 0.000000 0.000000 0 0 0 1  0
463_-1_LA	858 0 0 0.000000 0.000000 0 0 0 1  0
463_345	0 468 0 0.000000 0.000000 0 0 0 1  0
463_985_LA	858 985 0 0.000000 0.000000 0 0 0 1 0 0
467_-1_LA	863 0 0 0.000000 0.000000 0 0 0 1  0
467_468	467 469 0 0.000000 0.000000 0 0 0 1  0
467_508	467 546 0 0.000000 0.000000 0 0 0 1  0
467_882	467 813 0 0.000000 0.000000 0 0 0 1  0
467_882	467 883 0 0.000000 0.000000 0 0 0 1  0
470_434	0 986 0 0.000000 0.000000 0 0 0 1 0 0
470_470	0 880 0 0.000000 0.000000 0 0 0 1  0
470_486	107 485 0 0.000000 0.000000 0 0 0 1  0
470_887	0 981 0 0.000000 0.000000 0 0 0 1 0 0
470_92	0 977 0 0.000000 0.000000 0 0 0 1 0 0
470_981	0 982 0 0.000000 0.000000 0 0 0 1 0 0
473_470	0 724 0 0.000000 0.000000 0 0 0 1  0
473_472	0 472 0 0.000000 0.000000 0 1 0 1  0
474_472_LT	474 475 0 0.000000 0.000000 0 0 0 1  0
474_473	474 475 0 0.000000 0.000000 0 0 0 1  0
475_471	0 483 0 0.000000 0.000000 0 0 0 1  0
475_483	0 484 0 0.000000 0.000000 0 0 0 1  0
475_69	0 579 0 0.000000 0.000000 0 0 0 1  0
484_774	0 779 0 0.000000 0.000000 0 0 0 1  0
488_-1	490 489 0 0.000000 0.000000 0 0 0 1  0
490_491	0 492 0 0.000000 0.000000 0 0 0 1  0
494_148	152 0 0 0.000000 0.000000 0 0 0 1  0
501_67	0 502 0 0.000000 0.000000 0 0 0 1  0
502_1005	502 107 0 0.000000 0.000000 0 0 0 1 0 0
502_108	502 553 0 0.000000 0.000000 0 0 0 1  0
502_109	502 554 0 0.000000 0.000000 0 0 0 1  0
502_110	502 555 0 0.000000 0.000000 0 0 0 1  0
502_122	502 127 0 0.000000 0.000000 0 0 0 1  0
502_137	502 497 0 0.000000 0.000000 0 0 0 1  0
502_-1_LA	858 0 0 0.000000 0.000000 0 0 0 1  0
502_30001_LA	858 30001 0 0.000000 0.000000 0 0 0 1  0
502_30001_LT	900 899 0 0.000000 0.000000 0 0 0 1  0
502_30001	900 30001 0 0.000000 0.000000 0 0 0 1  0
502_32	502 503 0 0.000000 0.000000 0 0 0 1  0
502_338	502 496 0 0.000000 0.000000 0 0 0 1  0
502_389	502 72 0 0.000000 0.000000 0 0 0 1  0
502_390	502 72 0 0.000000 0.000000 0 0 0 1  0
502_408	502 126 0 0.000000 0.000000 0 0 0 1  0
502_410	502 213 0 0.000000 0.000000 0 0 0 1  0
502_551	502 556 0 0.000000 0.000000 0 0 0 1  0
502_551	502 556 0 0.000000 0.000000 0 0 0 1  0
502_551	502 556 0 0.000000 0.000000 0 0 0 1  0
502_553	502 108 0 0.000000 0.000000 0 0 0 1  0
502_554	502 109 0 0.000000 0.000000 0 0 0 1  0
502_555	502 110 0 0.000000 0.000000 0 0 0 1  0
502_615	502 213 0 0.000000 0.000000 0 0 0 1  0
502_617	502 782 0 0.000000 1.000000 0 0 0 1  0
502_622	502 620 0 0.000000 0.000000 0 0 0 1  0
502_661	502 662 0 0.000000 1.000000 0 0 0 1  0
502_787	502 213 0 0.000000 0.000000 0 0 0 1  0
502_788	502 213 0 0.000000 0.000000 0 0 0 1  0
502_800	502 801 0 0.000000 0.000000 0 0 0 1  0
502_814	502 843 0 0.000000 0.000000 0 0 0 1  0
502_899_LA	858 899 0 0.000000 0.000000 0 0 0 1  0
502_899	900 0 0 0.000000 0.000000 0 0 0 1  0
504_505	0 506 0 0.000000 0.000000 0 0 0 1  0
505_504	0 506 0 0.000000 0.000000 0 0 0 1  0
515_853	516 0 0 0.000000 0.000000 0 0 0 1  0
516_519	521 519 0 0.000000 0.000000 0 0 0 1  0
516_85	518 85 0 0.000000 0.000000 0 0 0 1  0
518_-1_LA	522 0 0 0.000000 0.000000 0 0 0 1  0
518_-1	518 0 0 0.000000 0.000000 0 0 0 1  0
518_457	518 464 0 0.000000 0.000000 0 0 0 1  0
524_-1_LA	236 0 0 0.000000 0.000000 0 0 0 1  0
524_-1	524 0 0 0.000000 0.000000 0 0 0 1  0
540_-1	59 534 0 0.000000 0.000000 0 0 0 1  0
543_-1	59 542 0 0.000000 0.000000 0 0 0 1  0
544_-1_LA	545 541 0 0.000000 0.000000 0 0 0 1  0
547_-1	235 402 0 0.000000 0.000000 0 0 0 1  0
548_264	235 268 0 0.000000 0.000000 0 0 0 1  0
556_553	107 551 0 0.000000 0.000000 0 0 0 1  0
556_554	107 551 0 0.000000 0.000000 0 0 0 1  0
556_555	107 551 0 0.000000 0.000000 0 0 0 1  0
556_833	0 834 0 0.000000 0.000000 0 0 0 1  0
559_559	0 567 0 0.000000 0.000000 0 0 0 1  0
559_567	0 559 0 0.000000 0.000000 0 0 0 1  0
559_69	0 560 0 0.000000 0.000000 0 0 0 1  0
560_0_LA	750 797 0 0.000000 0.000000 0 0 0 1  0
560_0_LT	750 752 0 0.000000 0.000000 0 0 0 1  0
560_0	560 0 0 0.000000 0.000000 0 0 0 1  0
560_541	560 599 0 0.000000 0.000000 0 0 0 1  0
560_562	560 565 0 0.000000 0.000000 0 0 0 1  0
560_575	560 595 0 0.000000 0.000000 0 0 0 1  0
560_577	560 597 0 0.000000 0.000000 0 0 0 1  0
560_596	560 587 0 0.000000 0.000000 0 0 0 1  0
560_597	560 587 0 0.000000 0.000000 0 0 0 1  0
560_764	560 765 0 0.000000 0.000000 0 0 0 1  0
561_136	561 935 0 0.000000 0.000000 0 0 0 1  0
561_180	561 182 0 0.000000 0.000000 0 0 0 1  0
561_421	561 423 0 0.000000 0.000000 0 0 0 1  0
561_422	561 423 0 0.000000 0.000000 0 0 0 1  0
561_538	561 563 0 0.000000 0.000000 0 0 0 1  0
561_539	561 563 0 0.000000 0.000000 0 0 0 1  0
561_595	561 591 0 0.000000 0.000000 0 0 0 1  0
561_599	561 563 0 0.000000 0.000000 0 0 0 1  0
561_643	561 657 0 0.000000 0.000000 0 0 0 1  0
561_708	561 709 0 0.000000 0.000000 0 0 0 1  0
561_939	561 941 0 0.000000 0.000000 0 0 0 1  0
568_-1_LA	862 0 0 0.000000 0.000000 0 0 0 1  0
568_575	568 577 0 0.000000 0.000000 0 0 0 1  0
568_595	568 598 0 0.000000 0.000000 0 0 0 1  0
569_250	570 250 0 0.000000 0.000000 0 0 0 1  0
569_264	0 802 0 0.000000 0.000000 0 0 0 1  0
571_-1	292 572 0 0.000000 0.000000 0 0 0 1  0
575_400	0 616 0 0.000000 0.000000 0 0 0 1  0
57_57	0 58 0 0.000000 0.000000 0 0 0 0 0 0
579_578	579 581 0 0.000000 0.000000 0 0 0 1  0
581_580	0 582 0 0.000000 0.000000 0 0 0 1  0
581_581	0 580 0 0.000000 0.000000 0 0 0 1  0
58_191	0 192 0 0.000000 0.000000 0 0 0 0 0 0
583_580	583 584 0 0.000000 0.000000 0 0 0 1  0
583_581	583 586 0 0.000000 0.000000 0 0 0 1  0
583_582	583 585 0 0.000000 0.000000 0 0 0 1  0
584_731	737 731 0 0.000000 0.000000 0 0 0 1  0
585_731	738 731 0 0.000000 0.000000 0 0 0 1  0
58_58	0 59 0 0.000000 0.000000 0 0 0 0 0 0
586_731	736 731 0 0.000000 0.000000 0 0 0 1  0
58_853	0 140 0 0.000000 0.000000 0 0 0 1  0
58_952	0 953 0 0.000000 0.000000 0 0 0 1 0 0
590_-1	292 589 0 0.000000 0.000000 0 0 0 1  0
59_101	0 103 0 0.000000 0.000000 0 0 0 0 0 0
59_107	0 160 0 0.000000 0.000000 0 0 0 0 0 0
59_124	0 128 0 0.000000 0.000000 0 0 0 0 0 0
59_131	0 151 0 0.000000 0.000000 0 0 0 0 0 0
59_470	0 434 0 0.000000 0.000000 0 0 0 1  0
59_536	540 539 0 0.000000 0.000000 0 0 0 1  0
59_537	540 538 0 0.000000 0.000000 0 0 0 1  0
59_542	543 0 0 0.000000 0.000000 0 0 0 1  0
59_59	0 767 0 0.000000 0.000000 0 0 0 1  0
59_602	608 0 0 0.000000 0.000000 0 0 0 1  0
59_609	613 0 0 0.000000 0.000000 0 0 0 1  0
59_67	0 92 0 0.000000 0.000000 0 0 0 0 0 0
59_68	0 73 0 0.000000 0.000000 0 0 0 0 0 0
59_69	0 70 0 0.000000 0.000000 0 0 0 0 0 0
59_724	0 659 0 0.000000 0.000000 0 0 0 1  0
59_853	0 140 0 0.000000 0.000000 0 0 0 1  0
59_880	0 875 0 0.000000 0.000000 0 0 0 1  0
600_-1_LA	545 575 0 0.000000 0.000000 0 0 0 1  0
602_-1_LA	899 575 0 0.000000 0.000000 0 0 0 1  0
608_-1	59 602 0 0.000000 0.000000 0 0 0 1  0
609_-1_LA	899 575 0 0.000000 0.000000 0 0 0 1  0
612_534	235 601 0 0.000000 0.000000 0 0 0 1  0
612_542	235 602 0 0.000000 0.000000 0 0 0 1  0
612_577	235 614 0 0.000000 0.000000 0 0 0 1  0
612_603	235 610 0 0.000000 0.000000 0 0 0 1  0
612_604	235 609 0 0.000000 0.000000 0 0 0 1  0
613_-1	59 609 0 0.000000 0.000000 0 0 0 1  0
616_-1	615 575 0 0.000000 0.000000 0 0 0 1  0
619_617_LT	0 618 0 0.000000 0.000000 0 0 0 1  0
619_617	0 617 0 0.000000 0.000000 0 0 0 1  0
619_620_LT	0 621 0 0.000000 0.000000 0 0 0 1  0
619_620	0 620 0 0.000000 0.000000 0 0 0 1  0
62_62	0 30000 0 0.000000 0.000000 0 0 0 0 0 0
62_692	0 697 0 0.000000 0.000000 0 0 0 1  0
62_75	77 67 0 0.000000 0.000000 0 0 0 0 0 0
631_0	653 0 0 0.000000 0.000000 0 0 0 1  0
631_569	0 645 0 0.000000 0.000000 0 0 0 1  0
632_0	654 0 0 0.000000 0.000000 0 0 0 1  0
635_0	655 0 0 0.000000 0.000000 0 0 0 1  0
64_225	64 226 0 0.000000 0.000000 0 0 0 0 0 0
648_-1	649 631 0 0.000000 0.000000 0 0 0 1  0
659_-1	660 0 0 0.000000 0.000000 0 0 0 1  0
659_388	660 388 0 0.000000 0.000000 0 0 0 1  0
659_412_LT	660 512 0 0.000000 0.000000 0 0 0 1  0
659_511_LT	660 512 0 0.000000 0.000000 0 0 0 1  0
659_556	0 666 0 0.000000 0.000000 0 0 0 1  0
660_-1	659 0 0 0.000000 0.000000 0 0 0 1  0
66_225	66 226 0 0.000000 0.000000 0 0 0 0 0 0
666_662	0 663 0 0.000000 0.000000 0 0 0 1  0
666_943	0 944 0 0.000000 0.000000 0 0 0 1  0
667_485	0 656 0 0.000000 0.000000 0 0 0 1  0
667_884	0 888 0 0.000000 0.000000 0 0 0 1  0
669_662_LT	669 664 0 0.000000 0.000000 0 0 0 1  0
669_662	669 662 0 0.000000 0.000000 0 0 0 1  0
669_663_LT	669 665 0 0.000000 0.000000 0 0 0 1  0
669_663	669 663 0 0.000000 0.000000 0 0 0 1  0
669_671	669 672 0 0.000000 0.000000 0 0 0 1  0
669_672_LT	669 673 0 0.000000 0.000000 0 0 0 1  0
669_672	669 672 0 0.000000 0.000000 0 0 0 1  0
67_249	248 249 0 0.000000 0.000000 0 0 0 0 0 0
67_282	248 282 0 0.000000 0.000000 0 0 0 0 0 0
67_304	248 304 0 0.000000 0.000000 0 0 0 0 0 0
67_333	0 334 0 0.000000 0.000000 0 0 0 0 0 0
67_346	248 346 0 0.000000 0.000000 0 0 0 0 0 0
674_235	0 675 0 0.000000 0.000000 0 0 0 1  0
67_434	0 471 0 0.000000 0.000000 0 0 0 1  0
67_454	0 462 0 0.000000 0.000000 0 0 0 1  0
67_501	0 502 0 0.000000 0.000000 0 0 0 1  0
675_-1	235 674 0 0.000000 0.000000 0 0 0 1  0
67_558	0 933 0 0.000000 0.000000 0 0 0 1  0
676_382	235 677 0 0.000000 0.000000 0 0 0 1  0
67_67	0 557 0 0.000000 0.000000 0 0 0 1  0
67_685	0 684 0 0.000000 0.000000 0 0 0 1  0
67_707	67 708 0 0.000000 0.000000 0 0 0 1  0
677_661	235 670 0 0.000000 1.000000 0 0 0 1  0
678_-1	239 675 0 0.000000 0.000000 0 0 0 1  0
67_82	248 82 0 0.000000 0.000000 0 0 0 0 0 0
678_304	679 304 0 0.000000 0.000000 0 0 0 1  0
67_83	248 83 0 0.000000 0.000000 0 0 0 0 0 0
679_-1	239 676 0 0.000000 0.000000 0 0 0 1  0
684_-1_LA	858 0 0 0.000000 0.000000 0 0 0 1  0
684_237	684 753 0 0.000000 0.000000 0 0 0 1  0
684_238	684 753 0 0.000000 0.000000 0 0 0 1  0
68_460	0 461 0 0.000000 0.000000 0 0 0 1  0
684_680	684 681 0 0.000000 0.000000 0 0 0 1  0
684_759	684 753 0 0.000000 0.000000 0 0 0 1  0
684_759	684 753 0 0.000000 0.000000 0 0 0 1  0
684_759	684 753 0 0.000000 0.000000 0 0 0 1  0
684_785	684 784 0 0.000000 1.000000 0 0 0 1  0
684_891	684 753 0 0.000000 0.000000 0 0 0 1  0
684_891	684 753 0 0.000000 0.000000 0 0 0 1  0
684_891	684 753 0 0.000000 0.000000 0 0 0 1  0
684_942	684 943 0 0.000000 0.000000 0 0 0 1  0
685_67	0 684 0 0.000000 0.000000 0 0 0 1  0
686_-1	235 688 0 0.000000 0.000000 0 0 0 1  0
689_689	0 810 0 0.000000 0.000000 0 0 0 1  0
689_791_LT	0 792 0 0.000000 0.000000 0 0 0 1  0
689_791	0 791 0 0.000000 0.000000 0 0 0 1  0
690_-1	239 686 0 0.000000 0.000000 0 0 0 1  0
690_304	691 304 0 0.000000 0.000000 0 0 0 1  0
69_106	0 114 0 0.000000 0.000000 0 0 0 0 0 0
691_-1	239 687 0 0.000000 0.000000 0 0 0 1  0
693_772	0 796 0 0.000000 0.000000 0 0 0 1  0
69_443	0 441 0 0.000000 0.000000 0 0 0 1  0
69_456	0 463 0 0.000000 0.000000 0 0 0 1  0
69_475	0 579 0 0.000000 0.000000 0 0 0 1  0
69_559	0 560 0 0.000000 0.000000 0 0 0 1  0
696_235	0 495 0 1.000000 0.000000 0 0 0 1  0
69_73	0 74 0 0.000000 0.000000 0 0 0 0 0 0
703_706	0 718 0 0.000000 0.000000 0 0 0 1  0
705_706	0 718 0 0.000000 0.000000 0 0 0 1  0
707_706	0 717 0 0.000000 0.000000 0 0 0 1  0
71_-1_LA	859 0 0 0.000000 0.000000 0 0 0 1  0
71_367	71 72 0 0.000000 0.000000 0 0 0 0 0 0
715_730	0 734 0 0.000000 0.000000 0 0 0 1  0
716_730	0 733 0 0.000000 0.000000 0 0 0 1  0
719_-1	721 707 0 0.000000 0.000000 0 0 0 1  0
720_-1	721 703 0 0.000000 0.000000 0 0 0 1  0
722_36	722 39 0 0.000000 0.000000 0 0 0 1  0
72_237	0 247 0 0.000000 0.000000 0 0 0 0 0 0
72_238	0 281 0 0.000000 0.000000 0 0 0 0 0 0
722_404	722 39 0 0.000000 0.000000 0 0 0 1  0
722_714	722 715 0 0.000000 0.000000 0 0 0 1  0
722_804	722 806 0 0.000000 0.000000 0 0 0 1  0
723_121	723 123 0 0.000000 0.000000 0 0 0 1  0
723_242	723 224 0 0.000000 0.000000 0 0 0 1  0
723_713	723 716 0 0.000000 0.000000 0 0 0 1  0
72_80	0 82 0 0.000000 0.000000 0 0 0 0 0 0
72_82	0 83 0 0.000000 0.000000 0 0 0 0 0 0
72_85	0 82 0 0.000000 0.000000 0 0 0 0 0 0
729_730	0 731 0 0.000000 0.000000 0 0 0 1  0
736_733	739 733 0 0.000000 0.000000 0 0 0 1  0
736_734	740 734 0 0.000000 0.000000 0 0 0 1  0
737_733	742 733 0 0.000000 0.000000 0 0 0 1  0
737_734	741 734 0 0.000000 0.000000 0 0 0 1  0
738_733	725 733 0 0.000000 0.000000 0 0 0 1  0
738_734	726 734 0 0.000000 0.000000 0 0 0 1  0
74_67	74 75 0 0.000000 0.000000 0 0 0 0 0 0
767_769	771 0 0 0.000000 0.000000 0 0 0 1  0
767_796	795 0 0 0.000000 0.000000 0 0 0 1  0
767_809	0 836 0 0.000000 0.000000 0 0 0 1  0
768_766	0 844 0 0.000000 0.000000 0 0 0 1  0
770_-1	0 775 0 0.000000 0.000000 0 0 0 1  0
770_551	0 774 0 0.000000 0.000000 0 0 0 1  0
771_-1	767 769 0 0.000000 0.000000 0 0 0 1  0
771_551	0 772 0 0.000000 0.000000 0 0 0 1  0
77_61	62 78 0 0.000000 0.000000 0 0 0 0 0 0
776_773	0 774 0 0.000000 0.000000 0 0 0 1  0
778_-1	0 780 0 0.000000 0.000000 0 0 0 1  0
778_551	0 779 0 0.000000 0.000000 0 0 0 1  0
789_848	0 901 0 0.000000 0.000000 0 0 0 1  0
795_-1	767 796 0 0.000000 0.000000 0 0 0 1  0
795_551	0 796 0 0.000000 0.000000 0 0 0 1  0
795_792	0 793 0 0.000000 0.000000 0 0 0 1  0
802_250	803 250 0 0.000000 0.000000 0 0 0 1  0
812_108	107 814 0 0.000000 0.000000 0 0 0 1  0
812_814	0 815 0 0.000000 0.000000 0 0 0 1  0
812_816	0 819 0 0.000000 0.000000 0 0 0 1  0
812_819	0 818 0 0.000000 0.000000 0 0 0 1  0
812_820	0 822 0 0.000000 0.000000 0 0 0 1  0
812_822	0 823 0 0.000000 0.000000 0 0 0 1  0
812_824	0 825 0 0.000000 0.000000 0 0 0 1  0
812_825	0 826 0 0.000000 0.000000 0 0 0 1  0
812_827	0 828 0 0.000000 0.000000 0 0 0 1  0
812_828	0 829 0 0.000000 0.000000 0 0 0 1  0
812_830	0 831 0 0.000000 0.000000 0 0 0 1  0
812_831	0 832 0 0.000000 0.000000 0 0 0 1  0
836_834	0 835 0 0.000000 0.000000 0 0 0 1  0
844_-1	766 768 0 0.000000 0.000000 0 0 0 1  0
849_903	849 213 0 0.000000 0.000000 0 0 0 1  0
850_-1_LA	851 0 0 0.000000 0.000000 0 0 0 1  0
852_903	847 213 0 0.000000 0.000000 0 0 0 1  0
853_126	853 285 0 0.000000 0.000000 0 0 0 1  0
853_182	185 0 0 0.000000 0.000000 0 0 0 1  0
853_515	516 0 0 0.000000 0.000000 0 0 0 1  0
853_853	0 583 0 0.000000 0.000000 0 0 0 1  0
855_67	0 857 0 0.000000 0.000000 0 0 0 1  0
857_-1_LA	858 0 0 0.000000 0.000000 0 0 0 1  0
875_108	107 876 0 0.000000 0.000000 0 0 0 1  0
875_109	107 877 0 0.000000 0.000000 0 0 0 1  0
881_108	107 887 0 0.000000 0.000000 0 0 0 1  0
881_109	107 887 0 0.000000 0.000000 0 0 0 1  0
881_110	107 887 0 0.000000 0.000000 0 0 0 1  0
881_486	107 884 0 0.000000 0.000000 0 0 0 1  0
900_-1_LA	858 899 0 0.000000 0.000000 0 0 0 1  0
900_-1	502 899 0 0.000000 0.000000 0 0 0 1  0
900_30001_LA	858 30001 0 0.000000 0.000000 0 1 0 1  0
900_30001	502 30001 0 0.000000 0.000000 0 1 0 1  0
900_625_LA	858 790 0 0.000000 0.000000 0 0 0 1  0
900_625	502 790 0 0.000000 0.000000 0 0 0 1  0
900_899_LA	858 30001 0 0.000000 0.000000 0 1 0 1  0
900_899	502 30001 0 0.000000 0.000000 0 1 0 1  0
908_904	0 911 0 0.000000 0.000000 0 0 0 1  0
912_877	917 922 0 0.000000 0.000000 0 0 0 1  0
917_459	0 927 0 0.000000 0.000000 0 0 0 1  0
917_904	0 1002 0 0.000000 0.000000 0 0 0 1 0 0
917_921	917 924 0 0.000000 0.000000 0 0 0 1  0
917_922	917 923 0 0.000000 0.000000 0 0 0 1  0
917_988	917 989 0 0.000000 0.000000 0 0 0 1 0 0
917_999	1000 999 0 0.000000 0.000000 0 0 0 1 0 0
92_104	0 101 0 0.000000 0.000000 0 0 0 0 0 0
92_105	0 104 0 0.000000 0.000000 0 0 0 0 0 0
92_470	0 977 0 0.000000 0.000000 0 0 0 1 0 0
92_880	0 978 0 0.000000 0.000000 0 0 0 1 0 0
92_92	0 105 0 0.000000 0.000000 0 0 0 0 0 0
930_235	0 495 0 0.000000 0.000000 0 0 0 1  0
931_931	0 930 0 0.000000 0.000000 0 0 0 1  0
936_213	0 937 0 0.000000 0.000000 0 0 0 1  0
946_730	950 730 0 0.000000 0.000000 0 0 0 1 0 0
947_947	0 958 0 0.000000 0.000000 0 0 0 1 0 0
947_968	0 969 0 0.000000 0.000000 0 0 0 1 0 0
948_947	0 966 0 0.000000 0.000000 0 0 0 1 0 0
948_949	0 956 0 0.000000 0.000000 0 0 0 1 0 0
948_952	0 961 0 0.000000 0.000000 0 0 0 1 0 0
948_953	0 972 0 0.000000 0.000000 0 0 0 1 0 0
948_958	0 959 0 0.000000 0.000000 0 0 0 1 0 0
948_959	0 960 0 0.000000 0.000000 0 0 0 1 0 0
948_966	0 976 0 0.000000 0.000000 0 0 0 1 0 0
948_970	0 971 0 0.000000 0.000000 0 0 0 1 0 0
949_947	0 965 0 0.000000 0.000000 0 0 0 1 0 0
949_949	0 967 0 0.000000 0.000000 0 0 0 1 0 0
950_235	951 1006 0 0.000000 0.000000 0 0 0 1 0 0
951_235	952 1006 0 0.000000 0.000000 0 0 0 1 0 0
952_947	0 957 0 0.000000 0.000000 0 0 0 1 0 0
952_952	0 973 0 0.000000 0.000000 0 0 0 1 0 0
953_947	0 970 0 0.000000 0.000000 0 0 0 1 0 0
953_953	0 955 0 0.000000 0.000000 0 0 0 1 0 0
96_103	0 106 0 0.000000 0.000000 0 0 0 0 0 0
964_115	964 114 0 0.000000 0.000000 0 0 0 1 0 0
964_116	964 114 0 0.000000 0.000000 0 0 0 1 0 0
964_853	964 946 0 0.000000 0.000000 0 0 0 1 0 0
964_876	964 875 0 0.000000 0.000000 0 0 0 1 0 0
964_877	964 875 0 0.000000 0.000000 0 0 0 1 0 0
964_946	964 947 0 0.000000 0.000000 0 0 0 1 0 0
964_947	964 948 0 0.000000 0.000000 0 0 0 1 0 0
964_951	964 963 0 0.000000 0.000000 0 0 0 1 0 0
964_956	964 962 0 0.000000 0.000000 0 0 0 1 0 0
964_967	964 968 0 0.000000 0.000000 0 0 0 1 0 0
964_974	964 975 0 0.000000 0.000000 0 0 0 1 0 0
977_-1	990 0 0 0.000000 0.000000 0 0 0 1 0 0
978_-1	991 0 0 0.000000 0.000000 0 0 0 1 0 0
979_-1	992 0 0 0.000000 0.000000 0 0 0 1 0 0
979_887	0 981 0 0.000000 0.000000 0 0 0 1 0 0
979_92	0 977 0 0.000000 0.000000 0 0 0 1 0 0
980_-1	993 0 0 0.000000 0.000000 0 0 0 1 0 0
980_887	0 982 0 0.000000 0.000000 0 0 0 1 0 0
980_92	0 978 0 0.000000 0.000000 0 0 0 1 0 0
981_-1	994 0 0 0.000000 0.000000 0 0 0 1 0 0
982_-1	995 0 0 0.000000 0.000000 0 0 0 1 0 0
983_-1	996 0 0 0.000000 0.000000 0 0 0 1 0 0
984_-1	997 0 0 0.000000 0.000000 0 0 0 1 0 0
990_-1	977 0 0 0.000000 0.000000 0 0 0 1 0 0
991_-1	978 0 0 0.000000 0.000000 0 0 0 1 0 0
992_-1	979 0 0 0.000000 0.000000 0 0 0 1 0 0
993_-1	980 0 0 0.000000 0.000000 0 0 0 1 0 0
994_-1	981 0 0 0.000000 0.000000 0 0 0 1 0 0
995_-1	982 0 0 0.000000 0.000000 0 0 0 1 0 0
996_-1	983 0 0 0.000000 0.000000 0 0 0 1 0 0
997_-1	984 0 0 0.000000 0.000000 0 0 0 1 0 0